!
! ===== TRF reduced mechanism 2.0 (#190128a) =====
!       with ethanol
!
! Fuel: nC7H16(n-heptane)
!       iC8H18(isooctane, 2,2,4-trimethylpentane)
!       C6H5CH3(toluene)
!       C2H5OH(ethanol)
!
!n-heptane mechanism
!
nC7H16             2   415.4     6.094     0.0       0.0      1.0 !nC7H16
nC7H15             2   415.4     6.094     0.0       0.0      1.0 !nC7H15c
nC7H15OO           2   506.2     6.238     0.0       0.0      1.0 !nC7H15OOc
nC7H14OOH          2   506.2     6.238     0.0       0.0      1.0 !C7H14OOHk 
nHOOC7H14OO        2   596.0     6.376     0.0       0.0      1.0 !HOOC7H14OOk
nC7KET             2   556.3     6.265     0.0       0.0      1.0 !COC6H13OOHg
nC5H9O             2   425.1     5.605     0.0       0.0      1.0 !C4H9COa
nC5H11             2   378.3     5.507     0.0       0.0      1.0 !C5H11a
nC5H10             2   378.3     5.395     0.0       0.0      1.0 !C5H10a
nC5H9              2   378.3     5.395     0.0       0.0      1.0 !aC5H9a
nC7H15O            2   488.4     6.156     0.0       0.0      1.0 !nC7H15Oc
nC7H15OOH          2   506.2     6.238     0.0       0.0      1.0 !nC7H15OOHc
!
!isooctane mechanism
!
iC8H18             2   442.4     6.274     0.0       0.0      1.0 !iC8H18
iC8H17             2   442.4     6.274     0.0       0.0      1.0 !iC8H17b
iC8H17OO           2   530.7     6.410     0.0       0.0      1.0 !iC8H17OOb
iC8H16OOH          2   530.7     6.410     0.0       0.0      1.0 !C8H16OOHg
iHOOC8H16OO        2   616.7     6.565     0.0       0.0      1.0 !HOOC8H16OOg
iC8KET             2   578.1     6.461     0.0       0.0      1.0 !COC7H15OOHc
iC7H13O            2   475.3     6.070     0.0       0.0      1.0 !C6H13vCOb
iC7H14             2   432.5     5.943     0.0       0.0      1.0 !C7H14b
iC7H13             2   421.9     5.948     0.0       0.0      1.0 !aC7H13b
iC4H9              2   362.0     5.120     0.0       0.0      1.0 !tC4H9
iC4H8              2   361.9     5.038     0.0       0.0      1.0 !iC4H8
iC4H7              2   361.9     5.038     0.0       0.0      1.0 !iC4H7a
iC8H17O            2   513.4     6.332     0.0       0.0      1.0 !iC8H17Ob
iC8H17OOH          2   530.7     6.410     0.0       0.0      1.0 !iC8H17OOHb
!
!toluene mechanism
!
C6H5CH3            2   474.9     5.531     0.0       0.0      1.0
C6H5CH2            2   474.9     5.531     0.0       0.0      1.0
C6H5CH2OO          2   555.6     5.736     0.0       0.0      1.0
C6H5CH2O           2   539.0     5.638     0.0       0.0      1.0
C6H5CH2OOH         2   555.6     5.736     0.0       0.0      1.0
C6H5CHO            2   519.4     5.627     0.0       0.0      1.0
C6H5CO             2   519.4     5.627     0.0       0.0      1.0
C6H6               2   452.7     5.187     0.0       0.0      1.0
C6H5               2   452.7     5.187     0.0       0.0      1.0
CY13PD             2   423.2     4.953     0.0       0.0      1.0
CY13PD5J           2   423.2     4.953     0.0       0.0      1.0
C3H3               1   324.8     4.290     0.0       0.0      1.0
!
!ethanol mechanism
!
C2H5OH             2   470.6     4.410     0.000     0.00     1.5 ! NMM
sC2H4OH            2   470.6     4.410     0.000     0.00     1.5 ! NMM
CH2OH              2   417.0     3.690     1.700     0.00     2.0
!
!base mehcanism
!
N2                 1    97.53    3.621     0.000     1.76     4.0
O                  0    80.0     2.750     0.000     0.00     0.0
O2                 1   107.4     3.458     0.000     1.60     3.8
H                  0   145.0     2.050     0.000     0.00     0.0
OH                 1    80.0     2.750     0.000     0.00     0.0
HO2                2   107.4     3.458     0.000     0.00     1.0
H2                 1    38.0     2.920     0.000     0.79   280.0
H2O                2   572.4     2.605     1.844     0.00     4.0
H2O2               2   107.4     3.458     0.000     0.00     3.8
CO                 1    98.1     3.650     0.000     1.95     1.8
CO2                1   244.0     3.763     0.000     2.65     2.1
CH                 1    80.0     2.750     0.000     0.00     0.0
HCO                2   498.0     3.590     0.000     0.00     0.0
CH2                1   144.0     3.800     0.000     0.00     0.0
CH2O               2   498.0     3.590     0.000     0.00     2.0
CH3                1   144.0     3.800     0.000     0.00     0.0
CH3O               2   417.0     3.690     1.700     0.00     2.0
CH3OO              2   481.8     3.626     0.000     0.00     1.0 ! WJP
CH4                2   141.4     3.746     0.000     2.60    13.0
CH3OOH             2   481.8     3.626     0.000     0.00     1.0 ! WJP
HCCO               2   150.0     2.500     0.000     0.00     1.0 ! *
C2H2               1   265.3     3.721     0.000     0.00     2.5 ! NMM
CH2CO              2   314.3     4.191     1.4       0.0      2.0 ! WJP
C2H3               2   265.3     3.721     0.000     0.00     1.0 ! NMM
CH2CHO             2   436.0     3.970     0.000     0.00     2.0
CH3CO              2   436.0     3.970     0.000     0.00     2.0
CH3CO2             2   436.0     3.970     0.000     0.00     2.0 ! WJP
CH3C(O)OO          2   436.0     3.970     0.000     0.00     2.0 ! WJP
C2H4               2   238.4     3.496     0.000     0.00     1.5 ! NMM
CH3CHO             2   436.0     3.970     0.000     0.00     2.0
CH3C(O)OOH         2   436.0     3.970     0.000     0.00     2.0 ! WJP
C2H5               2   247.5     4.350     0.000     0.00     1.5 ! NMM
pC2H4OH            2   470.6     4.410     0.000     0.00     1.5 ! NMM
C2H5O              2   470.6     4.410     0.000     0.00     1.5 ! NMM
C2H5OO             2   470.6     4.410     0.000     0.00     1.5 ! WJP
C2H6               2   247.5     4.350     0.000     0.00     1.5 ! NMM
C2H5OOH            2   470.6     4.410     0.000     0.00     1.5 ! WJP
aC3H5              2   339.3     4.606     0.0       0.0      1.0
C3H6               2   339.3     4.606     0.0       0.0      1.0
iC3H7              2   339.3     4.758     0.0       0.0      1.0
END
