!
! ===== TRF mechanism 2.01nx (#190426a) =====
!       with revised ethanol & base mechanism
!        and embedded NOx formation / EGR NOx chemistry
!
nC7H16             2   415.4     6.094     0.0       0.0      1.0
iC8H18             2   442.4     6.274     0.0       0.0      1.0
nC7H15a            2   415.4     6.094     0.0       0.0      1.0
nC7H15b            2   415.4     6.094     0.0       0.0      1.0
nC7H15c            2   415.4     6.094     0.0       0.0      1.0
nC7H15d            2   415.4     6.094     0.0       0.0      1.0
C6H13a             2   397.0     5.816     0.0       0.0      1.0
C5H11a             2   378.3     5.507     0.0       0.0      1.0
nC3H7              2   339.3     4.758     0.0       0.0      1.0
nC4H9              2   359.1     5.160     0.0       0.0      1.0
iC8H17a            2   442.4     6.274     0.0       0.0      1.0
iC8H17b            2   442.4     6.274     0.0       0.0      1.0
iC8H17c            2   442.4     6.274     0.0       0.0      1.0
iC8H17d            2   442.4     6.274     0.0       0.0      1.0
C7H15a             2   420.9     6.037     0.0       0.0      1.0
tC4H9              2   362.0     5.120     0.0       0.0      1.0
iC4H9              2   362.0     5.120     0.0       0.0      1.0
C5H11b             2   384.8     5.443     0.0       0.0      1.0
iC3H7              2   339.3     4.758     0.0       0.0      1.0
nC7H15OOa          2   504.0     6.265     0.0       0.0      1.0
nC7H15Oa           2   486.1     6.183     0.0       0.0      1.0
C3H6               2   339.3     4.606     0.0       0.0      1.0
nC7H15OOb          2   506.2     6.238     0.0       0.0      1.0
nC7H15Ob           2   488.4     6.156     0.0       0.0      1.0
C6H12a             2   397.1     5.715     0.0       0.0      1.0
n1C4H8             2   359.1     5.031     0.0       0.0      1.0
nC7H15OOc          2   506.2     6.238     0.0       0.0      1.0
nC7H15Oc           2   488.4     6.156     0.0       0.0      1.0
C5H10a             2   378.3     5.395     0.0       0.0      1.0
nC7H15OOd          2   506.2     6.238     0.0       0.0      1.0
nC7H15Od           2   488.4     6.156     0.0       0.0      1.0
C6H13b             2   397.0     5.816     0.0       0.0      1.0
C6H13c             2   397.0     5.816     0.0       0.0      1.0
C6H13OOa           2   486.4     6.003     0.0       0.0      1.0
C6H13Oa            2   468.5     5.913     0.0       0.0      1.0
C5H11c             2   378.3     5.507     0.0       0.0      1.0
C5H11OOa           2   468.8     5.715     0.0       0.0      1.0
C5H11Oa            2   450.7     5.616     0.0       0.0      1.0
nC3H7OO            2   433.2     5.031     0.0       0.0      1.0
nC3H7O             2   414.7     4.902     0.0       0.0      1.0
nC4H9OO            2   451.1     5.395     0.0       0.0      1.0
nC4H9O             2   432.8     5.283     0.0       0.0      1.0
C7H14a             2   421.0     5.978     0.0       0.0      1.0
iC4H8              2   361.9     5.038     0.0       0.0      1.0
iC8H17OOa          2   528.3     6.436     0.0       0.0      1.0
iC8H17Oa           2   510.9     6.358     0.0       0.0      1.0
C7H14b             2   432.5     5.943     0.0       0.0      1.0
C7H14c             2   431.4     5.973     0.0       0.0      1.0
iC8H17OOb          2   530.7     6.410     0.0       0.0      1.0
iC8H17Ob           2   513.4     6.332     0.0       0.0      1.0
iC8H17OOc          2   531.2     6.415     0.0       0.0      1.0
iC8H17Oc           2   513.9     6.336     0.0       0.0      1.0
C7H14d             2   421.9     5.948     0.0       0.0      1.0
iC8H17OOd          2   528.3     6.436     0.0       0.0      1.0
iC8H17Od           2   510.9     6.358     0.0       0.0      1.0
C7H15OOa           2   511.2     6.188     0.0       0.0      1.0
C7H15Oa            2   493.7     6.104     0.0       0.0      1.0
tC4H9OO            2   456.7     5.327     0.0       0.0      1.0
tC4H9O             2   438.7     5.213     0.0       0.0      1.0
iC4H9OO            2   453.6     5.358     0.0       0.0      1.0
iC4H9O             2   435.4     5.245     0.0       0.0      1.0
C5H11OOb           2   474.2     5.655     0.0       0.0      1.0
C5H11Ob            2   456.3     5.554     0.0       0.0      1.0
iC3H7OO            2   435.8     4.989     0.0       0.0      1.0
iC3H7O             2   417.4     4.858     0.0       0.0      1.0
C7H14e             2   415.4     6.003     0.0       0.0      1.0
C7H14OOHa          2   504.0     6.265     0.0       0.0      1.0
C7H14OOHb          2   504.0     6.265     0.0       0.0      1.0
C7H14OOHc          2   504.0     6.265     0.0       0.0      1.0
C7H14OOHd          2   504.0     6.265     0.0       0.0      1.0
nC7H15OOHa         2   504.0     6.265     0.0       0.0      1.0
aC3H5              2   339.3     4.606     0.0       0.0      1.0
C7H14f             2   425.6     5.998     0.0       0.0      1.0
C7H14OOHe          2   506.2     6.238     0.0       0.0      1.0
C7H14OOHf          2   506.2     6.238     0.0       0.0      1.0
C7H14OOHg          2   506.2     6.238     0.0       0.0      1.0
C7H14OOHh          2   506.2     6.238     0.0       0.0      1.0
C7H14OOHi          2   506.2     6.238     0.0       0.0      1.0
nC7H15OOHb         2   506.2     6.238     0.0       0.0      1.0
C5H11CHOa          2   442.9     5.903     0.0       0.0      1.0
aC6H11a            2   397.1     5.715     0.0       0.0      1.0
nC4H7a             2   359.1     5.031     0.0       0.0      1.0
C7H14g             2   425.6     5.998     0.0       0.0      1.0
C7H14OOHj          2   506.2     6.238     0.0       0.0      1.0
C7H14OOHk          2   506.2     6.238     0.0       0.0      1.0
C7H14OOHl          2   506.2     6.238     0.0       0.0      1.0
C7H14OOHm          2   506.2     6.238     0.0       0.0      1.0
C7H14OOHn          2   506.2     6.238     0.0       0.0      1.0
C7H14OOHo          2   506.2     6.238     0.0       0.0      1.0
nC7H15OOHc         2   506.2     6.238     0.0       0.0      1.0
C4H9CHOa           2   425.1     5.605     0.0       0.0      1.0
C2H5CHO            2   388.4     4.887     0.0       0.0      1.0
aC5H9a             2   378.3     5.395     0.0       0.0      1.0
C7H14OOHp          2   506.2     6.238     0.0       0.0      1.0
C7H14OOHq          2   506.2     6.238     0.0       0.0      1.0
C7H14OOHr          2   506.2     6.238     0.0       0.0      1.0
nC7H15OOHd         2   506.2     6.238     0.0       0.0      1.0
nC3H7CHO           2   406.9     5.270     0.0       0.0      1.0
C6H13OOb           2   488.7     5.973     0.0       0.0      1.0
C6H13Ob            2   470.9     5.883     0.0       0.0      1.0
C6H13OOc           2   488.7     5.973     0.0       0.0      1.0
C6H13Oc            2   470.9     5.883     0.0       0.0      1.0
C6H12OOHa          2   486.4     6.003     0.0       0.0      1.0
C6H12OOHb          2   486.4     6.003     0.0       0.0      1.0
C6H12OOHc          2   486.4     6.003     0.0       0.0      1.0
C6H12OOHd          2   486.4     6.003     0.0       0.0      1.0
C6H13OOHa          2   486.4     6.003     0.0       0.0      1.0
C5H11OOc           2   471.2     5.682     0.0       0.0      1.0
C5H11Oc            2   453.2     5.582     0.0       0.0      1.0
C5H10OOHa          2   468.8     5.715     0.0       0.0      1.0
C5H10OOHb          2   468.8     5.715     0.0       0.0      1.0
C5H10OOHc          2   468.8     5.715     0.0       0.0      1.0
C5H10OOHd          2   468.8     5.715     0.0       0.0      1.0
C5H11OOHa          2   468.8     5.715     0.0       0.0      1.0
C3H6OOHab          2   433.2     5.031     0.0       0.0      1.0
C3H6OOHac          2   433.2     5.031     0.0       0.0      1.0
nC3H7OOH           2   433.2     5.031     0.0       0.0      1.0
C4H8OOHab          2   451.1     5.395     0.0       0.0      1.0
C4H8OOHac          2   451.1     5.395     0.0       0.0      1.0
C4H8OOHad          2   451.1     5.395     0.0       0.0      1.0
nC4H9OOH           2   451.1     5.395     0.0       0.0      1.0
aC7H13a            2   421.0     5.978     0.0       0.0      1.0
C6H13d             2   399.8     5.784     0.0       0.0      1.0
iC4H7a             2   361.9     5.038     0.0       0.0      1.0
C8H16OOHa          2   528.3     6.436     0.0       0.0      1.0
C8H16OOHb          2   528.3     6.436     0.0       0.0      1.0
C8H16OOHc          2   528.3     6.436     0.0       0.0      1.0
C8H16OOHd          2   528.3     6.436     0.0       0.0      1.0
iC8H17OOHa         2   528.3     6.436     0.0       0.0      1.0
aC7H13b            2   421.9     5.948     0.0       0.0      1.0
CH3CHCHO           2   388.4     4.887     0.0       0.0      1.0
aC7H13c            2   431.4     5.973     0.0       0.0      1.0
iC3H6vCHO          2   410.0     5.232     0.0       0.0      1.0
C8H16a             2   453.0     6.215     0.0       0.0      1.0
C8H16OOHe          2   530.7     6.410     0.0       0.0      1.0
C8H16OOHf          2   530.7     6.410     0.0       0.0      1.0
C8H16OOHg          2   530.7     6.410     0.0       0.0      1.0
iC8H17OOHb         2   530.7     6.410     0.0       0.0      1.0
C4H9CHOb           2   432.0     5.542     0.0       0.0      1.0
iC3H7CHO           2   410.0     5.232     0.0       0.0      1.0
C8H16b             2   442.5     6.220     0.0       0.0      1.0
C8H16OOHh          2   531.2     6.415     0.0       0.0      1.0
C8H16OOHi          2   531.2     6.415     0.0       0.0      1.0
C8H16OOHj          2   531.2     6.415     0.0       0.0      1.0
iC8H17OOHc         2   531.2     6.415     0.0       0.0      1.0
C6H14COa           2   475.3     6.070     0.0       0.0      1.0
CH3COCH3           2   397.2     4.805     0.0       0.0      1.0
C6H13e             2   403.4     5.758     0.0       0.0      1.0
C8H16OOHk          2   528.3     6.436     0.0       0.0      1.0
C8H16OOHl          2   528.3     6.436     0.0       0.0      1.0
C8H16OOHm          2   528.3     6.436     0.0       0.0      1.0
C8H16OOHn          2   528.3     6.436     0.0       0.0      1.0
iC8H17OOHd         2   528.3     6.436     0.0       0.0      1.0
C7H15b             2   421.6     6.042     0.0       0.0      1.0
C7H14OOHs          2   511.2     6.188     0.0       0.0      1.0
C7H14OOHt          2   511.2     6.188     0.0       0.0      1.0
C7H14OOHu          2   511.2     6.188     0.0       0.0      1.0
C7H14OOHv          2   511.2     6.188     0.0       0.0      1.0
C7H15OOHa          2   511.2     6.188     0.0       0.0      1.0
C5H12COa           2   454.1     5.816     0.0       0.0      1.0
C4H8OOHti          2   456.7     5.327     0.0       0.0      1.0
tC4H9OOH           2   456.7     5.327     0.0       0.0      1.0
C4H8OOHit          2   453.6     5.358     0.0       0.0      1.0
C4H8OOHii          2   453.6     5.358     0.0       0.0      1.0
iC4H9OOH           2   453.6     5.358     0.0       0.0      1.0
C5H10OOHe          2   474.2     5.655     0.0       0.0      1.0
C5H11OOHb          2   474.2     5.655     0.0       0.0      1.0
C3H6OOHba          2   435.8     4.989     0.0       0.0      1.0
iC3H7OOH           2   435.8     4.989     0.0       0.0      1.0
aC7H13d            2   415.4     6.003     0.0       0.0      1.0
C7H14cyOa          2   457.6     5.983     0.0       0.0      1.0
HOOC7H14OOa        2   594.4     6.402     0.0       0.0      1.0
C7H14cyOb          2   464.7     5.948     0.0       0.0      1.0
HOOC7H14OOb        2   594.4     6.402     0.0       0.0      1.0
C7H14cyOc          2   472.0     5.918     0.0       0.0      1.0
HOOC7H14OOc        2   594.4     6.402     0.0       0.0      1.0
C7H14cyOd          2   479.5     5.888     0.0       0.0      1.0
HOOC7H14OOd        2   594.4     6.402     0.0       0.0      1.0
aC7H13e            2   425.6     5.998     0.0       0.0      1.0
C6H11Oa            2   442.9     5.903     0.0       0.0      1.0
C7H14cyOe          2   460.6     5.953     0.0       0.0      1.0
HOOC7H14OOe        2   596.0     6.376     0.0       0.0      1.0
C7H14cyOf          2   467.9     5.918     0.0       0.0      1.0
HOOC7H14OOf        2   596.0     6.376     0.0       0.0      1.0
C7H14cyOg          2   475.4     5.888     0.0       0.0      1.0
HOOC7H14OOg        2   596.0     6.376     0.0       0.0      1.0
C7H14cyOh          2   483.1     5.857     0.0       0.0      1.0
HOOC7H14OOh        2   596.0     6.376     0.0       0.0      1.0
HOOC7H14OOi        2   594.4     6.402     0.0       0.0      1.0
C5H11COa           2   442.9     5.903     0.0       0.0      1.0
C5H9Oa             2   425.1     5.605     0.0       0.0      1.0
C7H14cyOi          2   460.6     5.953     0.0       0.0      1.0
HOOC7H14OOj        2   596.0     6.376     0.0       0.0      1.0
C7H14cyOj          2   467.9     5.918     0.0       0.0      1.0
HOOC7H14OOk        2   596.0     6.376     0.0       0.0      1.0
HOOC7H14OOl        2   596.0     6.376     0.0       0.0      1.0
HOOC7H14OOm        2   594.4     6.402     0.0       0.0      1.0
HOOC7H14OOn        2   596.0     6.376     0.0       0.0      1.0
HOOC7H14OOo        2   594.4     6.402     0.0       0.0      1.0
C4H9COa            2   425.1     5.605     0.0       0.0      1.0
C2H5CO             2   388.4     4.887     0.0       0.0      1.0
HOOC7H14OOp        2   594.4     6.402     0.0       0.0      1.0
HOOC7H14OOq        2   596.0     6.376     0.0       0.0      1.0
HOOC7H14OOr        2   596.0     6.376     0.0       0.0      1.0
nC3H7CO            2   406.9     5.270     0.0       0.0      1.0
C3H6vCHO           2   406.9     5.270     0.0       0.0      1.0
C6H12b             2   407.5     5.709     0.0       0.0      1.0
C6H12c             2   407.5     5.709     0.0       0.0      1.0
C6H12OOHe          2   488.7     5.973     0.0       0.0      1.0
C6H12OOHf          2   488.7     5.973     0.0       0.0      1.0
C6H12OOHg          2   488.7     5.973     0.0       0.0      1.0
C6H12OOHh          2   488.7     5.973     0.0       0.0      1.0
C6H12OOHi          2   488.7     5.973     0.0       0.0      1.0
C6H13OOHb          2   488.7     5.973     0.0       0.0      1.0
C6H12OOHj          2   488.7     5.973     0.0       0.0      1.0
C6H12OOHk          2   488.7     5.973     0.0       0.0      1.0
C6H12OOHl          2   488.7     5.973     0.0       0.0      1.0
C6H12OOHm          2   488.7     5.973     0.0       0.0      1.0
C6H12OOHn          2   488.7     5.973     0.0       0.0      1.0
C6H13OOHc          2   488.7     5.973     0.0       0.0      1.0
C6H12cyOa          2   440.1     5.693     0.0       0.0      1.0
HOOC6H12OOa        2   576.4     6.151     0.0       0.0      1.0
C6H12cyOb          2   447.4     5.655     0.0       0.0      1.0
HOOC6H12OOb        2   576.4     6.151     0.0       0.0      1.0
C6H12cyOc          2   454.9     5.621     0.0       0.0      1.0
HOOC6H12OOc        2   576.4     6.151     0.0       0.0      1.0
C6H12cyOd          2   462.6     5.588     0.0       0.0      1.0
HOOC6H12OOd        2   576.4     6.151     0.0       0.0      1.0
C5H10b             2   389.0     5.388     0.0       0.0      1.0
C5H10OOHf          2   471.2     5.682     0.0       0.0      1.0
C5H10OOHg          2   471.2     5.682     0.0       0.0      1.0
C5H10OOHh          2   471.2     5.682     0.0       0.0      1.0
C5H10OOHi          2   471.2     5.682     0.0       0.0      1.0
C5H11OOHc          2   471.2     5.682     0.0       0.0      1.0
C5H10cyOa          2   422.3     5.370     0.0       0.0      1.0
HOOC5H10OOa        2   558.6     5.878     0.0       0.0      1.0
C5H10cyOb          2   429.8     5.327     0.0       0.0      1.0
HOOC5H10OOb        2   558.6     5.878     0.0       0.0      1.0
C5H10cyOc          2   437.6     5.289     0.0       0.0      1.0
HOOC5H10OOc        2   558.6     5.878     0.0       0.0      1.0
C5H10cyOd          2   441.8     5.289     0.0       0.0      1.0
HOOC5H10OOd        2   556.9     5.908     0.0       0.0      1.0
C3H6cyOab          2   385.6     4.572     0.0       0.0      1.0
HOOC3H6OOab        2   523.5     5.238     0.0       0.0      1.0
C3H6cyOac          2   390.0     4.564     0.0       0.0      1.0
HOOC3H6OOac        2   521.4     5.277     0.0       0.0      1.0
C4H8cyOab          2   404.2     5.003     0.0       0.0      1.0
HOOC4H8OOab        2   541.0     5.576     0.0       0.0      1.0
C4H8cyOac          2   411.9     4.953     0.0       0.0      1.0
HOOC4H8OOac        2   541.0     5.576     0.0       0.0      1.0
C4H8cyOad          2   416.2     4.953     0.0       0.0      1.0
HOOC4H8OOad        2   539.1     5.610     0.0       0.0      1.0
CH3COCH2           2   397.2     4.805     0.0       0.0      1.0
C6H13OOd           2   491.1     5.943     0.0       0.0      1.0
C6H13Od            2   473.4     5.852     0.0       0.0      1.0
C8H16cyOa          2   492.6     6.137     0.0       0.0      1.0
HOOC8H16OOa        2   616.7     6.565     0.0       0.0      1.0
C8H16cyOb          2   501.8     6.113     0.0       0.0      1.0
HOOC8H16OOb        2   616.5     6.570     0.0       0.0      1.0
C8H16cyOc          2   504.5     6.109     0.0       0.0      1.0
HOOC8H16OOc        2   615.1     6.590     0.0       0.0      1.0
C8H16cyOd          2   489.1     6.165     0.0       0.0      1.0
HOOC8H16OOd        2   615.1     6.590     0.0       0.0      1.0
CH3CHCO            2   354.0     4.433     0.0       0.0      1.0
iC2H6CCO           2   376.5     4.895     0.0       0.0      1.0
aC8H15a            2   442.5     6.220     0.0       0.0      1.0
HOOC8H16OOe        2   616.7     6.565     0.0       0.0      1.0
C8H16cyOe          2   489.8     6.146     0.0       0.0      1.0
HOOC8H16OOf        2   618.3     6.545     0.0       0.0      1.0
C8H16cyOf          2   492.6     6.137     0.0       0.0      1.0
HOOC8H16OOg        2   616.7     6.565     0.0       0.0      1.0
C4H9COb            2   432.0     5.542     0.0       0.0      1.0
iC3H7CO            2   410.0     5.232     0.0       0.0      1.0
HOOC8H16OOh        2   618.3     6.545     0.0       0.0      1.0
HOOC8H16OOi        2   616.5     6.570     0.0       0.0      1.0
C8H16cyOg          2   486.2     6.174     0.0       0.0      1.0
HOOC8H16OOj        2   616.5     6.570     0.0       0.0      1.0
C6H13vCOa          2   475.3     6.070     0.0       0.0      1.0
C6H13vCOb          2   475.3     6.070     0.0       0.0      1.0
C5H11COb           2   449.5     5.847     0.0       0.0      1.0
C6H13f             2   403.4     5.758     0.0       0.0      1.0
C6H13OOe           2   491.5     5.948     0.0       0.0      1.0
C6H13Oe            2   473.8     5.857     0.0       0.0      1.0
HOOC8H16OOk        2   616.5     6.570     0.0       0.0      1.0
HOOC8H16OOl        2   616.7     6.565     0.0       0.0      1.0
HOOC8H16OOm        2   615.1     6.590     0.0       0.0      1.0
C8H16cyOh          2   489.1     6.165     0.0       0.0      1.0
HOOC8H16OOn        2   615.1     6.590     0.0       0.0      1.0
C7H15OOb           2   511.2     6.188     0.0       0.0      1.0
C7H15Ob            2   493.7     6.104     0.0       0.0      1.0
C7H14cyOk          2   468.3     5.898     0.0       0.0      1.0
HOOC7H14OOs        2   599.2     6.328     0.0       0.0      1.0
C7H14cyOl          2   477.4     5.867     0.0       0.0      1.0
HOOC7H14OOt        2   599.1     6.332     0.0       0.0      1.0
C7H14cyOm          2   480.2     5.862     0.0       0.0      1.0
HOOC7H14OOu        2   597.3     6.354     0.0       0.0      1.0
C7H14cyOn          2   464.8     5.928     0.0       0.0      1.0
HOOC7H14OOv        2   597.3     6.354     0.0       0.0      1.0
C5H11vCOa          2   454.1     5.816     0.0       0.0      1.0
C5H11vCOb          2   454.1     5.816     0.0       0.0      1.0
C4H9COc            2   428.0     5.571     0.0       0.0      1.0
C4H8cyOit          2   408.6     4.967     0.0       0.0      1.0
HOOC4H8OOti        2   543.0     5.548     0.0       0.0      1.0
HOOC4H8OOit        2   543.0     5.548     0.0       0.0      1.0
C4H8cyOii          2   411.9     4.953     0.0       0.0      1.0
HOOC4H8OOii        2   541.0     5.576     0.0       0.0      1.0
C5H10cyOe          2   434.4     5.296     0.0       0.0      1.0
HOOC5H10OOe        2   560.4     5.852     0.0       0.0      1.0
HOOC3H6OOba        2   523.5     5.238     0.0       0.0      1.0
C5H12CCOa          2   428.8     5.903     0.0       0.0      1.0
CHOC6H12OOHa       2   549.0     6.314     0.0       0.0      1.0
CHOC6H12OOHb       2   549.0     6.314     0.0       0.0      1.0
C4H9vCOa           2   433.5     5.542     0.0       0.0      1.0
CHOC6H12OOHc       2   549.0     6.314     0.0       0.0      1.0
CH2CH2CHO          2   388.4     4.887     0.0       0.0      1.0
COC4H9a            2   433.5     5.542     0.0       0.0      1.0
CHOC6H12OOHd       2   549.0     6.314     0.0       0.0      1.0
C4H10CCOa          2   410.8     5.605     0.0       0.0      1.0
COC6H13OOHa        2   556.3     6.265     0.0       0.0      1.0
COC6H13OOHb        2   556.3     6.265     0.0       0.0      1.0
C2H5COCH2          2   415.5     5.200     0.0       0.0      1.0
COC6H13OOHc        2   556.3     6.265     0.0       0.0      1.0
CH2CH2COCH3        2   415.5     5.200     0.0       0.0      1.0
COC6H13OOHd        2   556.3     6.265     0.0       0.0      1.0
COC6H13OOHe        2   554.1     6.292     0.0       0.0      1.0
C3H8CCOa           2   392.4     5.270     0.0       0.0      1.0
C2H5CHCO           2   373.5     4.887     0.0       0.0      1.0
COC6H13OOHf        2   556.3     6.265     0.0       0.0      1.0
COC6H13OOHg        2   556.3     6.265     0.0       0.0      1.0
COC6H13OOHh        2   556.3     6.265     0.0       0.0      1.0
COC6H13OOHi        2   554.1     6.292     0.0       0.0      1.0
COC6H13OOHj        2   556.3     6.265     0.0       0.0      1.0
COC6H13OOHk        2   554.1     6.292     0.0       0.0      1.0
COC6H13OOHl        2   554.1     6.292     0.0       0.0      1.0
COC6H13OOHm        2   556.3     6.265     0.0       0.0      1.0
COC6H13OOHn        2   556.3     6.265     0.0       0.0      1.0
aC6H11b            2   407.5     5.709     0.0       0.0      1.0
C6H12cyOe          2   443.3     5.660     0.0       0.0      1.0
HOOC6H12OOe        2   578.1     6.123     0.0       0.0      1.0
C6H12cyOf          2   450.7     5.621     0.0       0.0      1.0
HOOC6H12OOf        2   578.1     6.123     0.0       0.0      1.0
HOOC6H12OOg        2   576.4     6.151     0.0       0.0      1.0
C6H12cyOg          2   443.3     5.660     0.0       0.0      1.0
HOOC6H12OOh        2   578.1     6.123     0.0       0.0      1.0
HOOC6H12OOi        2   576.4     6.151     0.0       0.0      1.0
HOOC6H12OOj        2   578.1     6.123     0.0       0.0      1.0
HOOC6H12OOk        2   578.1     6.123     0.0       0.0      1.0
C6H12cyOh          2   458.4     5.588     0.0       0.0      1.0
HOOC6H12OOl        2   578.1     6.123     0.0       0.0      1.0
HOOC6H12OOm        2   576.4     6.151     0.0       0.0      1.0
HOOC6H12OOn        2   576.4     6.151     0.0       0.0      1.0
CHOC5H10OOHa       2   531.8     6.056     0.0       0.0      1.0
CHOC5H10OOHb       2   531.8     6.056     0.0       0.0      1.0
CHOC5H10OOHc       2   531.8     6.056     0.0       0.0      1.0
CHOC5H10OOHd       2   531.8     6.056     0.0       0.0      1.0
aC5H9b             2   389.0     5.388     0.0       0.0      1.0
C5H10cyOf          2   425.6     5.333     0.0       0.0      1.0
HOOC5H10OOf        2   560.5     5.847     0.0       0.0      1.0
C5H10cyOg          2   433.3     5.289     0.0       0.0      1.0
HOOC5H10OOg        2   560.5     5.847     0.0       0.0      1.0
HOOC5H10OOh        2   558.6     5.878     0.0       0.0      1.0
HOOC5H10OOi        2   558.6     5.878     0.0       0.0      1.0
CHOC4H8OOHa        2   514.6     5.774     0.0       0.0      1.0
CHOC4H8OOHb        2   514.6     5.774     0.0       0.0      1.0
CHOC4H8OOHc        2   514.6     5.774     0.0       0.0      1.0
CHOC4H8OOHd        2   512.3     5.805     0.0       0.0      1.0
CHOC2H4OOHb        2   480.3     5.107     0.0       0.0      1.0
CHOC2H4OOHc        2   477.6     5.147     0.0       0.0      1.0
CHOC3H6OOHab       2   497.5     5.460     0.0       0.0      1.0
CHOC3H6OOHac       2   497.5     5.460     0.0       0.0      1.0
CHOC3H6OOHad       2   495.0     5.496     0.0       0.0      1.0
C6H12d             2   410.6     5.677     0.0       0.0      1.0
C6H12e             2   400.0     5.682     0.0       0.0      1.0
C6H12OOHo          2   491.1     5.943     0.0       0.0      1.0
C6H12OOHp          2   491.1     5.943     0.0       0.0      1.0
C6H12OOHq          2   491.1     5.943     0.0       0.0      1.0
C6H12OOHr          2   491.1     5.943     0.0       0.0      1.0
C6H13OOHd          2   491.1     5.943     0.0       0.0      1.0
C4H9CHOc           2   428.0     5.571     0.0       0.0      1.0
CHOC7H14OOHa       2   573.1     6.483     0.0       0.0      1.0
CHOC7H14OOHb       2   573.5     6.487     0.0       0.0      1.0
CHOC4H8a           2   432.0     5.542     0.0       0.0      1.0
iC3H6qCHO          2   410.0     5.232     0.0       0.0      1.0
CHOC7H14OOHc       2   570.8     6.508     0.0       0.0      1.0
CHOC7H14OOHd       2   570.8     6.508     0.0       0.0      1.0
COC7H15OOHa        2   578.1     6.461     0.0       0.0      1.0
COC7H15OOHb        2   581.1     6.440     0.0       0.0      1.0
COC7H15OOHc        2   578.1     6.461     0.0       0.0      1.0
C6H14CCOa          2   456.4     6.127     0.0       0.0      1.0
C4H10CCOb          2   418.1     5.542     0.0       0.0      1.0
C5H10c             2   381.1     5.401     0.0       0.0      1.0
C6H13OOf           2   491.5     5.948     0.0       0.0      1.0
C6H13Of            2   473.8     5.857     0.0       0.0      1.0
C6H12f             2   403.8     5.655     0.0       0.0      1.0
C6H12OOHs          2   491.5     5.948     0.0       0.0      1.0
C6H12OOHt          2   491.5     5.948     0.0       0.0      1.0
C6H13OOHe          2   491.5     5.948     0.0       0.0      1.0
CHOC7H14OOHe       2   573.5     6.487     0.0       0.0      1.0
CHOC7H14OOHf       2   573.1     6.483     0.0       0.0      1.0
CHOC7H14OOHg       2   570.8     6.508     0.0       0.0      1.0
CHOC7H14OOHh       2   570.8     6.508     0.0       0.0      1.0
C7H14OOHw          2   511.2     6.188     0.0       0.0      1.0
C7H14OOHx          2   511.2     6.188     0.0       0.0      1.0
C7H14OOHy          2   511.2     6.188     0.0       0.0      1.0
C7H15OOHb          2   511.2     6.188     0.0       0.0      1.0
C5H11CHOb          2   449.5     5.847     0.0       0.0      1.0
HOOC7H14OOw        2   599.2     6.328     0.0       0.0      1.0
C4H7a              2   361.9     5.038     0.0       0.0      1.0
CHOC6H12OOHe       2   553.9     6.265     0.0       0.0      1.0
HOOC7H14OOx        2   597.3     6.354     0.0       0.0      1.0
COC6H13OOHo        2   558.6     6.238     0.0       0.0      1.0
C5H12CCOb          2   434.7     5.878     0.0       0.0      1.0
HOOC7H14OOy        2   597.3     6.354     0.0       0.0      1.0
C3H8CCOb           2   395.6     5.232     0.0       0.0      1.0
CHOC3H6OOHit       2   500.7     5.431     0.0       0.0      1.0
CHOC3H6OOHii       2   497.5     5.460     0.0       0.0      1.0
CHOC4H8OOHe        2   517.6     5.747     0.0       0.0      1.0
CH3COCH2OOH        2   485.5     5.072     0.0       0.0      1.0
C7H13O2a           2   531.5     6.234     0.0       0.0      1.0
C7H13O2b           2   531.5     6.234     0.0       0.0      1.0
C7H13O2c           2   531.5     6.234     0.0       0.0      1.0
C7H13O2d           2   531.5     6.234     0.0       0.0      1.0
C7H13O2e           2   538.9     6.183     0.0       0.0      1.0
C7H13O2f           2   538.9     6.183     0.0       0.0      1.0
C7H13O2g           2   538.9     6.183     0.0       0.0      1.0
C7H13O2h           2   538.9     6.183     0.0       0.0      1.0
C7H13O2i           2   536.6     6.211     0.0       0.0      1.0
C7H13O2j           2   538.9     6.183     0.0       0.0      1.0
C7H13O2k           2   538.9     6.183     0.0       0.0      1.0
C7H13O2l           2   538.9     6.183     0.0       0.0      1.0
C7H13O2m           2   536.6     6.211     0.0       0.0      1.0
C7H13O2n           2   538.9     6.183     0.0       0.0      1.0
C7H13O2o           2   536.6     6.211     0.0       0.0      1.0
C7H13O2p           2   536.6     6.211     0.0       0.0      1.0
C7H13O2q           2   538.9     6.183     0.0       0.0      1.0
C7H13O2r           2   538.9     6.183     0.0       0.0      1.0
COC5H11OOHa        2   539.2     6.003     0.0       0.0      1.0
COC5H11OOHb        2   539.2     6.003     0.0       0.0      1.0
COC5H11OOHc        2   536.9     6.032     0.0       0.0      1.0
COC5H11OOHd        2   539.2     6.003     0.0       0.0      1.0
COC5H11OOHe        2   536.9     6.032     0.0       0.0      1.0
COC5H11OOHf        2   539.2     6.003     0.0       0.0      1.0
COC5H11OOHg        2   539.2     6.003     0.0       0.0      1.0
COC5H11OOHh        2   539.2     6.003     0.0       0.0      1.0
COC5H11OOHi        2   536.9     6.032     0.0       0.0      1.0
COC5H11OOHj        2   536.9     6.032     0.0       0.0      1.0
C6H11O2a           2   514.3     5.968     0.0       0.0      1.0
C6H11O2b           2   514.3     5.968     0.0       0.0      1.0
C6H11O2c           2   514.3     5.968     0.0       0.0      1.0
C6H11O2d           2   514.3     5.968     0.0       0.0      1.0
COC4H9OOHa         2   522.2     5.715     0.0       0.0      1.0
COC4H9OOHb         2   522.2     5.715     0.0       0.0      1.0
COC4H9OOHc         2   519.7     5.747     0.0       0.0      1.0
COC4H9OOHd         2   519.7     5.747     0.0       0.0      1.0
C5H9O2a            2   497.1     5.677     0.0       0.0      1.0
C5H9O2b            2   497.1     5.677     0.0       0.0      1.0
C5H9O2c            2   497.1     5.677     0.0       0.0      1.0
C5H9O2d            2   494.6     5.709     0.0       0.0      1.0
C3H5O2a            2   462.5     4.982     0.0       0.0      1.0
C3H5O2b            2   459.8     5.024     0.0       0.0      1.0
C4H7O2a            2   479.9     5.352     0.0       0.0      1.0
C4H7O2b            2   479.9     5.352     0.0       0.0      1.0
C4H7O2c            2   477.2     5.388     0.0       0.0      1.0
aC6H11c            2   410.6     5.677     0.0       0.0      1.0
aC6H11d            2   400.0     5.682     0.0       0.0      1.0
C5H11d             2   381.1     5.472     0.0       0.0      1.0
C6H12cyOi          2   446.6     5.627     0.0       0.0      1.0
HOOC6H12OOo        2   579.9     6.094     0.0       0.0      1.0
C6H12cyOj          2   455.4     5.593     0.0       0.0      1.0
HOOC6H12OOp        2   579.8     6.099     0.0       0.0      1.0
C6H12cyOk          2   458.4     5.588     0.0       0.0      1.0
HOOC6H12OOq        2   578.1     6.123     0.0       0.0      1.0
C6H12cyOl          2   443.3     5.660     0.0       0.0      1.0
HOOC6H12OOr        2   578.1     6.123     0.0       0.0      1.0
C4H8vCHOa          2   428.0     5.571     0.0       0.0      1.0
C8H15O2a           2   556.0     6.406     0.0       0.0      1.0
C8H15O2b           2   556.5     6.410     0.0       0.0      1.0
C8H15O2c           2   553.5     6.432     0.0       0.0      1.0
C8H15O2d           2   553.5     6.432     0.0       0.0      1.0
C8H15O2e           2   561.0     6.384     0.0       0.0      1.0
C8H15O2f           2   564.2     6.363     0.0       0.0      1.0
C8H15O2g           2   561.0     6.384     0.0       0.0      1.0
aC5H9c             2   381.1     5.401     0.0       0.0      1.0
sC4H9              2   359.1     5.160     0.0       0.0      1.0
C6H12OOHu          2   491.5     5.948     0.0       0.0      1.0
C6H12OOHv          2   491.5     5.948     0.0       0.0      1.0
C6H12OOHw          2   491.5     5.948     0.0       0.0      1.0
C6H13OOHf          2   491.5     5.948     0.0       0.0      1.0
C5H11e             2   381.1     5.472     0.0       0.0      1.0
C6H12cyOm          2   447.6     5.633     0.0       0.0      1.0
HOOC6H12OOs        2   579.8     6.099     0.0       0.0      1.0
C6H12cyOn          2   459.7     5.593     0.0       0.0      1.0
HOOC6H12OOt        2   577.9     6.127     0.0       0.0      1.0
C8H15O2h           2   556.5     6.410     0.0       0.0      1.0
C8H15O2i           2   556.0     6.406     0.0       0.0      1.0
C8H15O2j           2   553.5     6.432     0.0       0.0      1.0
C8H15O2k           2   553.5     6.432     0.0       0.0      1.0
C7H14cyOo          2   468.3     5.898     0.0       0.0      1.0
HOOC7H14OOz        2   599.2     6.328     0.0       0.0      1.0
C7H14cyOp          2   480.2     5.862     0.0       0.0      1.0
HOOC7H14OOaa       2   597.3     6.354     0.0       0.0      1.0
C7H14cyOq          2   464.8     5.928     0.0       0.0      1.0
HOOC7H14OOab       2   597.3     6.354     0.0       0.0      1.0
C5H10vCHOa         2   449.5     5.847     0.0       0.0      1.0
COC6H13OOHp        2   561.4     6.215     0.0       0.0      1.0
C7H13O2s           2   536.7     6.183     0.0       0.0      1.0
C7H13O2t           2   541.3     6.156     0.0       0.0      1.0
CHOC6H12OOHf       2   553.9     6.265     0.0       0.0      1.0
C4H7O2d            2   483.2     5.321     0.0       0.0      1.0
C4H7O2e            2   479.9     5.352     0.0       0.0      1.0
C5H9O2e            2   500.2     5.649     0.0       0.0      1.0
CH3COCH2O          2   467.8     4.946     0.0       0.0      1.0
C3H5OCHOa          2   452.8     5.376     0.0       0.0      1.0
C4H7OCHOa          2   470.1     5.699     0.0       0.0      1.0
C3H6qCHOa          2   406.9     5.270     0.0       0.0      1.0
C3H7COCHOa         2   478.4     5.638     0.0       0.0      1.0
C4H9COCHOa         2   495.3     5.933     0.0       0.0      1.0
COC4H9b            2   433.5     5.542     0.0       0.0      1.0
C4H9COCHOb         2   495.3     5.933     0.0       0.0      1.0
COC5H11a           2   451.1     5.847     0.0       0.0      1.0
C5H11vCOc          2   451.1     5.847     0.0       0.0      1.0
COC5H11b           2   451.1     5.847     0.0       0.0      1.0
C6H11O2e           2   521.9     5.913     0.0       0.0      1.0
C6H11O2f           2   521.9     5.913     0.0       0.0      1.0
C6H11O2g           2   519.4     5.943     0.0       0.0      1.0
C6H11O2h           2   521.9     5.913     0.0       0.0      1.0
C6H11O2i           2   519.4     5.943     0.0       0.0      1.0
C6H11O2j           2   521.9     5.913     0.0       0.0      1.0
C6H11O2k           2   521.9     5.913     0.0       0.0      1.0
C6H11O2l           2   521.9     5.913     0.0       0.0      1.0
C6H11O2m           2   519.4     5.943     0.0       0.0      1.0
C6H11O2n           2   519.4     5.943     0.0       0.0      1.0
C5H9O2f            2   504.8     5.616     0.0       0.0      1.0
C5H9O2g            2   504.8     5.616     0.0       0.0      1.0
C5H9O2h            2   502.3     5.649     0.0       0.0      1.0
C5H9O2i            2   502.3     5.649     0.0       0.0      1.0
C5H11f             2   381.1     5.472     0.0       0.0      1.0
C5H11OOd           2   471.2     5.682     0.0       0.0      1.0
C5H11Od            2   453.2     5.582     0.0       0.0      1.0
COC5H11OOHk        2   541.7     5.973     0.0       0.0      1.0
COC5H11OOHl        2   542.1     5.978     0.0       0.0      1.0
COC5H11OOHm        2   539.2     6.003     0.0       0.0      1.0
C4H10CCOc          2   413.9     5.571     0.0       0.0      1.0
COC5H11OOHn        2   539.2     6.003     0.0       0.0      1.0
C5H11COCHOa        2   518.9     6.151     0.0       0.0      1.0
CHOC6H12a          2   466.9     6.123     0.0       0.0      1.0
C6H12vCHOa         2   466.1     6.118     0.0       0.0      1.0
C6H13vCOc          2   474.4     6.066     0.0       0.0      1.0
C6H13vCOd          2   475.3     6.070     0.0       0.0      1.0
sC4H9OO            2   453.6     5.358     0.0       0.0      1.0
sC4H9O             2   435.4     5.245     0.0       0.0      1.0
C5H10d             2   391.9     5.395     0.0       0.0      1.0
C6H12cyOo          2   455.4     5.593     0.0       0.0      1.0
HOOC6H12OOu        2   579.8     6.099     0.0       0.0      1.0
HOOC6H12OOv        2   577.9     6.127     0.0       0.0      1.0
C6H12cyOp          2   451.8     5.627     0.0       0.0      1.0
HOOC6H12OOw        2   577.9     6.127     0.0       0.0      1.0
C5H11OOe           2   474.2     5.655     0.0       0.0      1.0
C5H11Oe            2   456.3     5.554     0.0       0.0      1.0
CHOC5H10OOHe       2   537.1     6.003     0.0       0.0      1.0
CHOC5H10OOHf       2   534.5     6.032     0.0       0.0      1.0
C3H5OCHOb          2   455.9     5.339     0.0       0.0      1.0
CHOC6H12b          2   466.1     6.118     0.0       0.0      1.0
C6H12vCHOb         2   466.9     6.123     0.0       0.0      1.0
COC6H13OOHq        2   561.4     6.215     0.0       0.0      1.0
COC6H13OOHr        2   558.9     6.243     0.0       0.0      1.0
C5H12CCOc          2   436.0     5.847     0.0       0.0      1.0
COC6H13OOHs        2   558.9     6.243     0.0       0.0      1.0
C7H13O2u           2   544.4     6.132     0.0       0.0      1.0
C4H9COCHOc         2   498.4     5.903     0.0       0.0      1.0
C5H11vCOd          2   454.1     5.816     0.0       0.0      1.0
C7H13O2v           2   536.7     6.183     0.0       0.0      1.0
C3H5OCOa           2   452.8     5.376     0.0       0.0      1.0
C3H4OvCHOa         2   452.8     5.376     0.0       0.0      1.0
C4H7OCOa           2   470.1     5.699     0.0       0.0      1.0
C4H6OvCHOa         2   470.1     5.699     0.0       0.0      1.0
COC3H7COa          2   478.4     5.638     0.0       0.0      1.0
COC4H9COa          2   495.3     5.933     0.0       0.0      1.0
COC4H9COb          2   495.3     5.933     0.0       0.0      1.0
C5H11OOf           2   471.2     5.682     0.0       0.0      1.0
C5H11Of            2   453.2     5.582     0.0       0.0      1.0
C5H10e             2   381.3     5.358     0.0       0.0      1.0
C5H10OOHj          2   471.2     5.682     0.0       0.0      1.0
C5H10OOHk          2   471.2     5.682     0.0       0.0      1.0
C5H10OOHl          2   471.2     5.682     0.0       0.0      1.0
C5H11OOHd          2   471.2     5.682     0.0       0.0      1.0
C6H11O2o           2   524.4     5.883     0.0       0.0      1.0
C6H11O2p           2   525.0     5.888     0.0       0.0      1.0
C6H11O2q           2   521.9     5.913     0.0       0.0      1.0
C6H11O2r           2   521.9     5.913     0.0       0.0      1.0
COC5H11COa         2   518.9     6.151     0.0       0.0      1.0
C6H13g             2   399.8     5.784     0.0       0.0      1.0
n2C4H8             2   370.1     5.024     0.0       0.0      1.0
C4H8OOHbc          2   453.6     5.358     0.0       0.0      1.0
C4H8OOHbd          2   453.6     5.358     0.0       0.0      1.0
C4H8OOHba          2   453.6     5.358     0.0       0.0      1.0
sC4H9OOH           2   453.6     5.358     0.0       0.0      1.0
CHOC5H10OOHg       2   537.1     6.003     0.0       0.0      1.0
CHOC5H10OOHh       2   534.5     6.032     0.0       0.0      1.0
CHOC5H10OOHi       2   534.5     6.032     0.0       0.0      1.0
C5H10OOHm          2   474.2     5.655     0.0       0.0      1.0
C5H10OOHn          2   474.2     5.655     0.0       0.0      1.0
C5H10OOHo          2   474.2     5.655     0.0       0.0      1.0
C5H11OOHe          2   474.2     5.655     0.0       0.0      1.0
C2H5COCH3          2   415.5     5.200     0.0       0.0      1.0
C6H11O2s           2   519.9     5.913     0.0       0.0      1.0
C6H11O2t           2   517.2     5.943     0.0       0.0      1.0
C3H5OCOb           2   455.9     5.339     0.0       0.0      1.0
C6H12OOHx          2   491.5     5.948     0.0       0.0      1.0
C7H13O2w           2   544.4     6.132     0.0       0.0      1.0
C7H13O2x           2   541.8     6.160     0.0       0.0      1.0
C7H13O2y           2   541.8     6.160     0.0       0.0      1.0
COC4H9COc          2   498.4     5.903     0.0       0.0      1.0
OCCCH3CHOa         2   421.4     5.010     0.0       0.0      1.0
C2H3OCHOa          2   435.3     5.010     0.0       0.0      1.0
OCCC2H5CHOa        2   439.2     5.376     0.0       0.0      1.0
C5H10OOHp          2   471.2     5.682     0.0       0.0      1.0
C5H10OOHq          2   471.2     5.682     0.0       0.0      1.0
C5H10OOHr          2   471.2     5.682     0.0       0.0      1.0
C5H10OOHs          2   471.2     5.682     0.0       0.0      1.0
C5H11OOHf          2   471.2     5.682     0.0       0.0      1.0
aC5H9d             2   381.3     5.358     0.0       0.0      1.0
C5H10cyOh          2   425.6     5.333     0.0       0.0      1.0
HOOC5H10OOj        2   560.5     5.847     0.0       0.0      1.0
C5H10cyOi          2   434.4     5.296     0.0       0.0      1.0
HOOC5H10OOk        2   560.4     5.852     0.0       0.0      1.0
C5H10cyOj          2   437.6     5.289     0.0       0.0      1.0
HOOC5H10OOl        2   558.6     5.878     0.0       0.0      1.0
COC4H9c            2   433.5     5.542     0.0       0.0      1.0
COC5H11c           2   454.1     5.816     0.0       0.0      1.0
C6H13OOg           2   491.5     5.948     0.0       0.0      1.0
C6H13Og            2   473.8     5.857     0.0       0.0      1.0
C4H8cyObc          2   407.5     4.960     0.0       0.0      1.0
HOOC4H8OObc        2   543.0     5.542     0.0       0.0      1.0
HOOC4H8OObd        2   541.0     5.576     0.0       0.0      1.0
HOOC4H8OOba        2   541.0     5.576     0.0       0.0      1.0
C6H11O2u           2   519.9     5.913     0.0       0.0      1.0
C6H11O2v           2   517.2     5.943     0.0       0.0      1.0
C6H11O2w           2   517.2     5.943     0.0       0.0      1.0
C5H10cyOk          2   430.1     5.302     0.0       0.0      1.0
HOOC5H10OOm        2   562.5     5.821     0.0       0.0      1.0
HOOC5H10OOn        2   560.4     5.852     0.0       0.0      1.0
C5H10cyOl          2   426.6     5.339     0.0       0.0      1.0
HOOC5H10OOo        2   560.4     5.852     0.0       0.0      1.0
CH3CHCOCH3         2   415.5     5.200     0.0       0.0      1.0
CHOCHOa            2   417.4     4.580     0.0       0.0      1.0
CHOC4H8b           2   428.0     5.571     0.0       0.0      1.0
HOOC6H12OOx        2   579.8     6.099     0.0       0.0      1.0
CH3COCHOa          2   444.0     4.931     0.0       0.0      1.0
OCCCH3COa          2   421.4     5.010     0.0       0.0      1.0
C2H3OCOa           2   435.3     5.010     0.0       0.0      1.0
OCCC2H5COa         2   439.2     5.376     0.0       0.0      1.0
HOOC5H10OOp        2   560.4     5.852     0.0       0.0      1.0
C5H10cyOm          2   433.3     5.289     0.0       0.0      1.0
HOOC5H10OOq        2   560.5     5.847     0.0       0.0      1.0
HOOC5H10OOr        2   558.6     5.878     0.0       0.0      1.0
C5H10cyOn          2   429.8     5.327     0.0       0.0      1.0
HOOC5H10OOs        2   558.6     5.878     0.0       0.0      1.0
CHOC4H8OOHf        2   517.1     5.742     0.0       0.0      1.0
CHOC4H8OOHg        2   517.6     5.747     0.0       0.0      1.0
CHOC4H8OOHh        2   514.6     5.774     0.0       0.0      1.0
C6H12g             2   410.3     5.715     0.0       0.0      1.0
C6H12h             2   399.8     5.720     0.0       0.0      1.0
C6H12OOHy          2   491.5     5.948     0.0       0.0      1.0
C6H12OOHz          2   491.5     5.948     0.0       0.0      1.0
C6H12OOHaa         2   491.5     5.948     0.0       0.0      1.0
C6H13OOHg          2   491.5     5.948     0.0       0.0      1.0
C4H10COa           2   433.5     5.542     0.0       0.0      1.0
COC3H7OOHbc        2   505.2     5.395     0.0       0.0      1.0
COC3H7OOHbd        2   502.6     5.431     0.0       0.0      1.0
COC3H7OOHba        2   502.6     5.431     0.0       0.0      1.0
C4H8vCHOb          2   428.0     5.571     0.0       0.0      1.0
HOOC5H10OOt        2   562.5     5.821     0.0       0.0      1.0
CHOC4H8OOHi        2   514.6     5.774     0.0       0.0      1.0
C3H8CCOc           2   395.3     5.277     0.0       0.0      1.0
COvCHOa            2   417.4     4.580     0.0       0.0      1.0
CHOC5H10OOHj       2   534.2     6.027     0.0       0.0      1.0
CHOCH2vCOa         2   444.0     4.931     0.0       0.0      1.0
C2H3CO             2   354.0     4.433     0.0       0.0      1.0
OCCC2H5a           2   373.5     4.887     0.0       0.0      1.0
CHOC4H8OOHj        2   517.6     5.747     0.0       0.0      1.0
CHOC4H8OOHk        2   517.1     5.742     0.0       0.0      1.0
CHOC4H8OOHl        2   514.6     5.774     0.0       0.0      1.0
C5H9O2j            2   499.7     5.644     0.0       0.0      1.0
C5H9O2k            2   500.2     5.649     0.0       0.0      1.0
C5H9O2l            2   497.1     5.677     0.0       0.0      1.0
aC6H11e            2   399.8     5.720     0.0       0.0      1.0
C6H12cyOq          2   447.6     5.633     0.0       0.0      1.0
HOOC6H12OOy        2   579.8     6.099     0.0       0.0      1.0
C6H12cyOr          2   459.7     5.593     0.0       0.0      1.0
HOOC6H12OOz        2   577.9     6.127     0.0       0.0      1.0
C6H12cyOs          2   444.2     5.666     0.0       0.0      1.0
HOOC6H12OOaa       2   577.9     6.127     0.0       0.0      1.0
C4H9vCOb           2   433.5     5.542     0.0       0.0      1.0
C4H7O2f            2   487.8     5.283     0.0       0.0      1.0
C4H7O2g            2   485.1     5.321     0.0       0.0      1.0
C4H7O2h            2   485.1     5.321     0.0       0.0      1.0
COC4H9OOHe         2   525.4     5.688     0.0       0.0      1.0
C5H9O2m            2   497.1     5.677     0.0       0.0      1.0
C6H11O2x           2   516.8     5.938     0.0       0.0      1.0
C2H4CCOa           2   373.9     4.743     0.0       0.0      1.0
C5H9O2n            2   500.2     5.649     0.0       0.0      1.0
C5H9O2o            2   499.7     5.644     0.0       0.0      1.0
C5H9O2p            2   497.1     5.677     0.0       0.0      1.0
C3H6qCHOb          2   406.9     5.270     0.0       0.0      1.0
HOOC6H12OOab       2   579.8     6.099     0.0       0.0      1.0
HOOC6H12OOac       2   577.9     6.127     0.0       0.0      1.0
COC5H11OOHo        2   539.2     6.003     0.0       0.0      1.0
C4H10CCOd          2   413.6     5.610     0.0       0.0      1.0
HOOC6H12OOad       2   577.9     6.127     0.0       0.0      1.0
C5H9O2q            2   508.2     5.588     0.0       0.0      1.0
C4H7OCHOb          2   473.1     5.666     0.0       0.0      1.0
C2H3CHO            2   388.7     4.743     0.0       0.0      1.0
COC5H11OOHp        2   542.1     5.978     0.0       0.0      1.0
CHOC5H10OOHk       2   534.5     6.032     0.0       0.0      1.0
C6H11O2y           2   521.9     5.913     0.0       0.0      1.0
CHOC5H10OOHl       2   534.5     6.032     0.0       0.0      1.0
C4H7OCOb           2   473.1     5.666     0.0       0.0      1.0
C4H6OvCHOb         2   473.1     5.666     0.0       0.0      1.0
C6H11O2z           2   525.0     5.888     0.0       0.0      1.0
C6H11O2aa          2   517.2     5.943     0.0       0.0      1.0
C4H9vCOc           2   436.6     5.507     0.0       0.0      1.0
C6H11O2ab          2   517.2     5.943     0.0       0.0      1.0
OCCC2H5CHOb        2   442.2     5.382     0.0       0.0      1.0
C2H5COCHOa         2   461.3     5.308     0.0       0.0      1.0
OCCC2H5COb         2   442.2     5.382     0.0       0.0      1.0
COC2H5COa          2   461.3     5.308     0.0       0.0      1.0
OCCC2H5b           2   376.5     4.895     0.0       0.0      1.0
He                 0    10.2     2.576     0.000     0.00     0.0
Ar                 0   136.5     3.330     0.000     0.00     0.0
H                  0   145.0     2.050     0.000     0.00     0.0
H2                 1    38.0     2.920     0.000     0.79   280.0
O                  0    80.0     2.750     0.000     0.00     0.0
OH                 1    80.0     2.750     0.000     0.00     0.0
H2O                2   572.4     2.605     1.844     0.00     4.0
O2                 1   107.4     3.458     0.000     1.60     3.8
HO2                2   107.4     3.458     0.000     0.00     1.0
H2O2               2   107.4     3.458     0.000     0.00     3.8
N2                 1    97.53    3.621     0.000     1.76     4.0
CH                 1    80.0     2.750     0.000     0.00     0.0
CH2                1   144.0     3.800     0.000     0.00     0.0
CH2(S)             1   144.0     3.800     0.000     0.00     0.0
CH3                1   144.0     3.800     0.000     0.00     0.0
CH4                2   141.4     3.746     0.000     2.60    13.0
CO                 1    98.1     3.650     0.000     1.95     1.8
HCO                2   498.0     3.590     0.000     0.00     0.0
CH2O               2   498.0     3.590     0.000     0.00     2.0
CH2OH              2   417.0     3.690     1.700     0.00     2.0
CH3O               2   417.0     3.690     1.700     0.00     2.0
CH3OH              2   481.8     3.626     0.000     0.00     1.0 ! SVE
CO2                1   244.0     3.763     0.000     2.65     2.1
HOCO               2   436.0     3.970     0.000     0.00     2.0 ! =HOCHO
HOCHO              2   436.0     3.970     0.000     0.00     2.0 ! WJP
CH3OO              2   481.8     3.626     0.000     0.00     1.0 ! WJP
CH3OOH             2   481.8     3.626     0.000     0.00     1.0 ! WJP
C2H                1   265.3     3.721     0.000     0.00     2.5 ! NMM
C2H2               1   265.3     3.721     0.000     0.00     2.5 ! NMM
C2H3               2   265.3     3.721     0.000     0.00     1.0 ! NMM
C2H4               2   238.4     3.496     0.000     0.00     1.5 ! NMM
C2H5               2   247.5     4.350     0.000     0.00     1.5 ! NMM
C2H6               2   247.5     4.350     0.000     0.00     1.5 ! NMM
HCCO               2   150.0     2.500     0.000     0.00     1.0 ! *
CH2CO              2   314.3     4.191     1.4       0.0      2.0 ! WJP
CH3CO              2   436.0     3.970     0.000     0.00     2.0
CH2CHO             2   436.0     3.970     0.000     0.00     2.0
C2H4cyO            2   387.3     4.349     0.000     0.00     1.5 ! WJP
CH3CHO             2   436.0     3.970     0.000     0.00     2.0
C2H5O              2   470.6     4.410     0.000     0.00     1.5 ! NMM
pC2H4OH            2   470.6     4.410     0.000     0.00     1.5 ! NMM
sC2H4OH            2   470.6     4.410     0.000     0.00     1.5 ! NMM
C2H5OH             2   470.6     4.410     0.000     0.00     1.5 ! NMM
CH3CO2             2   436.0     3.970     0.000     0.00     2.0 ! WJP
C2H4OOH            2   470.6     4.410     0.000     0.00     1.5 ! WJP
C2H5OO             2   470.6     4.410     0.000     0.00     1.5 ! WJP
C2H5OOH            2   470.6     4.410     0.000     0.00     1.5 ! WJP
CH3C(O)OO          2   436.0     3.970     0.000     0.00     2.0 ! WJP
CH3C(O)OOH         2   436.0     3.970     0.000     0.00     2.0 ! WJP
O2C2H4OH           2   523.2     5.664     1.7       0.0      1.0 ! WJP
! -- rev. ethanol
HOC2H4OOHa         2   485.9     4.758     0.0       0.0      1.0
C2H5OOa            2   467.9     4.614     0.0       0.0      1.0
C2H5OOb            2   470.3     4.564     0.0       0.0      1.0
HOOC2H3aOHa        2   485.9     4.758     0.0       0.0      1.0
C2H5O3a            2   485.9     4.758     0.0       0.0      1.0
CHOCH2OOHa         2   460.2     4.743     0.0       0.0      1.0
OCH2CHO            2   442.1     4.597     0.0       0.0      1.0
cyCOCOH            2   439.2     4.235     0.0       0.0      1.0
! - only for PRF/TRF
C2H3OHa            2   396.4     4.274     0.0       0.0      1.0
CH2OOHa            2   396.7     4.082     0.0       0.0      1.0
HOHCCOa            2   410.0     4.072     0.0       0.0      1.0
! --
aC3H4              2   340.4     4.442     0.0       0.0      1.0
aC3H5O             2   414.7     4.758     0.0       0.0      1.0
v2C3H5             2   339.3     4.606     0.0       0.0      1.0
iC4H7Oa            2   435.3     5.167     0.0       0.0      1.0
C3H3               1   324.8     4.290     0.0       0.0      1.0 ! nmm
C3H2               2   209.0     4.100     0.0       0.0      1.0 ! *
C3H5CHOa           2   407.2     5.147     0.0       0.0      1.0
C3H5COa            2   407.2     5.147     0.0       0.0      1.0
d13C4H6            2   359.3     4.895     0.0       0.0      1.0
C6H5CH3            2   474.9     5.531     0.0       0.0      1.0
C6H5CH2            2   474.9     5.531     0.0       0.0      1.0
C6H5CH2OO          2   555.6     5.736     0.0       0.0      1.0
C6H5ai(CH2OO)      2   539.7     5.593     0.0       0.0      1.0
C6H4CH2OOH         2   555.6     5.736     0.0       0.0      1.0
C6H5cyCH2O         2   515.3     5.455     0.0       0.0      1.0
C6H5CH2OOH         2   555.6     5.736     0.0       0.0      1.0
C6H5CH2O           2   539.0     5.638     0.0       0.0      1.0
C6H5CH2OH          2   539.0     5.638     0.0       0.0      1.0
C6H5CHOH           2   539.0     5.638     0.0       0.0      1.0
C6H5CHO            2   519.4     5.627     0.0       0.0      1.0
C6H5CO             2   519.4     5.627     0.0       0.0      1.0
C6H4CH3            2   474.9     5.531     0.0       0.0      1.0
OOC6H4CH3          2   560.5     5.736     0.0       0.0      1.0
OC6H4CH3           2   553.5     5.327     0.0       0.0      1.0
HOC6H4CH3          2   553.5     5.327     0.0       0.0      1.0
HOOC6H4CH3         2   560.5     5.736     0.0       0.0      1.0
HOC6H4CH2          2   553.5     5.327     0.0       0.0      1.0
HOC6H4CH2OO        2   629.1     5.548     0.0       0.0      1.0
HOC6H4CH2O         2   613.1     5.443     0.0       0.0      1.0
HOC6H4CHO          2   595.4     5.431     0.0       0.0      1.0
HOC6H4CO           2   595.4     5.431     0.0       0.0      1.0
OC6H4CH2           2   450.7     5.633     0.0       0.0      1.0
OC6H4O             2   414.7     5.519     0.0       0.0      1.0
C6H6               2   452.7     5.187     0.0       0.0      1.0
C6H5               2   452.7     5.187     0.0       0.0      1.0
C6H5O2             2   539.6     5.419     0.0       0.0      1.0
C6H5O              2   533.1     4.953     0.0       0.0      1.0
C6H5OH             2   533.1     4.953     0.0       0.0      1.0
CYC6H7             2   451.5     5.277     0.0       0.0      1.0
C6H4               2   413.7     5.264     0.0       0.0      1.0
C6H5C2H5           2   491.4     5.836     0.0       0.0      1.0
C6H5CHCH3          2   491.4     5.836     0.0       0.0      1.0
C6H5CH2CH2         2   491.4     5.836     0.0       0.0      1.0
C6H5CH(OO)CH3      2   574.7     5.993     0.0       0.0      1.0
C6H5CHCH2          2   492.7     5.736     0.0       0.0      1.0
C6H5CH2CH2OO       2   571.7     6.022     0.0       0.0      1.0
C6H5ai(CH2CH2OO)   2   565.8     5.852     0.0       0.0      1.0
C6H5OOCH2CH2       2   496.9     5.857     0.0       0.0      1.0
C6H5CCH2           2   492.7     5.736     0.0       0.0      1.0
C6H5CH(OOH)CH3     2   574.7     5.993     0.0       0.0      1.0
C6H5CH(O)CH3       2   558.3     5.903     0.0       0.0      1.0
C6H5CH2CH2OOH      2   571.7     6.022     0.0       0.0      1.0
C6H5CH2CH2O        2   555.1     5.933     0.0       0.0      1.0
CH3CY24PD          2   436.5     5.321     0.0       0.0      1.0
CH2CY24PD          2   436.5     5.321     0.0       0.0      1.0
CYC5H4CH3          2   436.5     5.321     0.0       0.0      1.0
CY13PD             2   423.2     4.953     0.0       0.0      1.0
CY13PD5J           2   423.2     4.953     0.0       0.0      1.0
CPDOOH             2   504.0     5.200     0.0       0.0      1.0
CYC5H5OH           2   486.8     5.079     0.0       0.0      1.0
CYC5H5OJ           2   486.8     5.079     0.0       0.0      1.0
CYC5H4OH           2   486.8     5.079     0.0       0.0      1.0
CYPDONE            2   525.7     5.219     0.0       0.0      1.0
CPDJONE            2   525.7     5.219     0.0       0.0      1.0
FULVENE            2   441.7     5.226     0.0       0.0      1.0
FULVENYL           2   441.7     5.226     0.0       0.0      1.0
C7H6               2   472.7     5.449     0.0       0.0      1.0
C7H5               2   472.7     5.449     0.0       0.0      1.0
C5H4               2   382.7     5.024     0.0       0.0      1.0
C5H3               2   382.7     5.024     0.0       0.0      1.0
CtCC               2   340.9     4.442     0.0       0.0      1.0
C4H2               1   363.4     4.597     0.0       0.0      1.0
C4H4               2   361.2     4.751     0.0       0.0      1.0
CdCC(CtC)dC        2   402.8     5.395     0.0       0.0      1.0
OdCJC(C)dCCdCCdO   2   468.5     6.070     0.0       0.0      1.0
OdCCdCCJdO         2   401.7     5.251     0.0       0.0      1.0
OdCJCdCCdC         2   373.0     5.376     0.0       0.0      1.0
OdCJCdCCCdO        2   420.0     5.588     0.0       0.0      1.0
OdCJCdCCtC         2   374.4     5.258     0.0       0.0      1.0
OdCJCdCdO          2   383.1     4.865     0.0       0.0      1.0
CtCCdCdO           2   354.9     4.873     0.0       0.0      1.0
CJdCCdCdO          2   353.6     5.010     0.0       0.0      1.0
CJdCCdO            2   389.0     4.743     0.0       0.0      1.0
OdCCdCCdCJ         2   436.6     5.376     0.0       0.0      1.0
OdCCCdCJ           2   407.5     5.147     0.0       0.0      1.0
OdCCdCCdCJC        2   464.6     5.693     0.0       0.0      1.0
CdCCdCCdCJ         2   408.5     5.496     0.0       0.0      1.0
CtCCdCCdCJ         2   410.8     5.382     0.0       0.0      1.0
nC4H3              2   361.2     4.751     0.0       0.0      1.0
nC4H5              2   359.5     4.895     0.0       0.0      1.0
OdCCdCCJCdO        2   481.1     5.588     0.0       0.0      1.0
CJCdCCtC           2   380.5     5.153     0.0       0.0      1.0
OdCCdCCdO          2   464.1     5.251     0.0       0.0      1.0
OdCCdCCdC          2   436.6     5.376     0.0       0.0      1.0
OdCCtC             2   383.1     4.865     0.0       0.0      1.0
OdCCdCdO           2   383.1     4.865     0.0       0.0      1.0
OdCCdCCdCdO        2   430.7     5.472     0.0       0.0      1.0
OdCCdCCtC          2   439.2     5.258     0.0       0.0      1.0
OdCCJCdO           2   435.6     5.010     0.0       0.0      1.0
CtCCJCdO           2   409.6     5.017     0.0       0.0      1.0
OdCJCtC            2   334.6     4.580     0.0       0.0      1.0
COC2H2CO           2   347.8     5.120     0.0       0.0      1.0
C6H6OH             2   512.9     5.388     0.0       0.0      1.0
OdCCdCCdCCdO       2   508.8     5.784     0.0       0.0      1.0
C6H6OOH            2   529.8     5.496     0.0       0.0      1.0
C6H5OOH            2   539.6     5.419     0.0       0.0      1.0
C6H5cycO2          2   513.1     5.308     0.0       0.0      1.0
RODC6JDO           2   496.1     5.507     0.0       0.0      1.0
hooC6H4            2   539.6     5.419     0.0       0.0      1.0
! --- NOx and related species -->
N                  0    71.4     3.298     0.000     0.00     0.0 ! *
NH                 1    80.0     2.650     0.000     0.00     4.0
NH2                2    80.0     2.650     0.000     2.26     4.0
NH3                2   481.0     2.920     1.470     0.00    10.0
NNH                2    71.4     3.798     0.000     0.00     1.0 ! *
NO                 1    97.53    3.621     0.000     1.76     4.0
NO2                2   200.0     3.500     0.000     0.00     1.0 ! *
N2O                1   232.4     3.828     0.000     0.00     1.0 ! *
HNO                2   116.7     3.492     0.000     0.00     1.0 ! *
CN                 1    75.0     3.856     0.000     0.00     1.0 ! OIS
HCN                1   569.0     3.630     0.000     0.00     1.0 ! OIS
H2CN               1   569.0     3.630     0.000     0.00     1.0 ! os/jm
HCNN               2   150.0     2.500     0.000     0.00     1.0 ! *
HCNO               2   232.4     3.828     0.000     0.00     1.0 ! JAM
HOCN               2   232.4     3.828     0.000     0.00     1.0 ! JAM
HNCO               2   232.4     3.828     0.000     0.00     1.0 ! OIS
NCO                1   232.4     3.828     0.000     0.00     1.0 ! OIS
! ---                         <--
